------- Create Graph with Eular Circuit -------
 | 0 | 0 | 0 | 0 | 0 | 1 | 1 | 0 | 1 | 0 | 0 | 1 | 1 | 0 | 0 | 0 | 0 | 0 | 0 | 0 | 
 | 0 | 0 | 0 | 0 | 0 | 1 | 0 | 0 | 1 | 0 | 0 | 1 | 0 | 0 | 0 | 0 | 0 | 0 | 1 | 0 | 
 | 0 | 0 | 0 | 0 | 0 | 0 | 0 | 1 | 0 | 0 | 0 | 1 | 0 | 0 | 0 | 0 | 0 | 0 | 0 | 0 | 
 | 0 | 0 | 0 | 0 | 0 | 0 | 0 | 0 | 0 | 0 | 0 | 1 | 0 | 0 | 0 | 0 | 0 | 1 | 1 | 1 | 
 | 0 | 0 | 0 | 0 | 0 | 0 | 0 | 0 | 0 | 0 | 0 | 0 | 1 | 0 | 1 | 0 | 0 | 0 | 0 | 0 | 
 | 1 | 1 | 0 | 0 | 0 | 0 | 0 | 1 | 0 | 0 | 0 | 1 | 0 | 0 | 0 | 0 | 0 | 0 | 1 | 0 | 
 | 1 | 0 | 0 | 0 | 0 | 0 | 0 | 0 | 0 | 1 | 0 | 0 | 0 | 0 | 1 | 0 | 1 | 0 | 0 | 1 | 
 | 0 | 0 | 1 | 0 | 0 | 1 | 0 | 0 | 0 | 0 | 0 | 0 | 0 | 0 | 0 | 0 | 0 | 0 | 0 | 0 | 
 | 1 | 1 | 0 | 0 | 0 | 0 | 0 | 0 | 0 | 0 | 0 | 0 | 0 | 0 | 0 | 0 | 1 | 0 | 0 | 0 | 
 | 0 | 0 | 0 | 0 | 0 | 0 | 1 | 0 | 0 | 0 | 1 | 0 | 0 | 0 | 0 | 0 | 0 | 0 | 0 | 1 | 
 | 0 | 0 | 0 | 0 | 0 | 0 | 0 | 0 | 0 | 1 | 0 | 0 | 0 | 0 | 0 | 0 | 0 | 0 | 0 | 1 | 
 | 1 | 1 | 1 | 1 | 0 | 1 | 0 | 0 | 0 | 0 | 0 | 0 | 0 | 0 | 1 | 1 | 0 | 1 | 0 | 0 | 
 | 1 | 0 | 0 | 0 | 1 | 0 | 0 | 0 | 0 | 0 | 0 | 0 | 0 | 1 | 0 | 0 | 0 | 0 | 0 | 1 | 
 | 0 | 0 | 0 | 0 | 0 | 0 | 0 | 0 | 0 | 0 | 0 | 0 | 1 | 0 | 0 | 0 | 1 | 0 | 1 | 0 | 
 | 0 | 0 | 0 | 0 | 1 | 0 | 1 | 0 | 0 | 0 | 0 | 1 | 0 | 0 | 0 | 1 | 1 | 0 | 1 | 0 | 
 | 0 | 0 | 0 | 0 | 0 | 0 | 0 | 0 | 0 | 0 | 0 | 1 | 0 | 0 | 1 | 0 | 0 | 1 | 0 | 0 | 
 | 0 | 0 | 0 | 0 | 0 | 0 | 1 | 0 | 1 | 0 | 0 | 0 | 0 | 1 | 1 | 0 | 0 | 0 | 0 | 0 | 
 | 0 | 0 | 0 | 1 | 0 | 0 | 0 | 0 | 0 | 0 | 0 | 1 | 0 | 0 | 0 | 1 | 0 | 0 | 0 | 1 | 
 | 0 | 1 | 0 | 1 | 0 | 1 | 0 | 0 | 0 | 0 | 0 | 0 | 0 | 1 | 1 | 0 | 0 | 0 | 0 | 0 | 
 | 0 | 0 | 0 | 1 | 0 | 0 | 1 | 0 | 0 | 1 | 1 | 0 | 1 | 0 | 0 | 0 | 0 | 1 | 0 | 0 | 
------- Test Graph with Eular Circuit -------
------- Print the vertex here -------
index: 0, x: 16.0281, y: 14.3932
index: 1, x: 76.3279, y: 88.9218
index: 2, x: 9.25814, y: 3.74268
index: 3, x: 95.2316, y: 77.7525
index: 4, x: 86.8411, y: 89.8674
index: 5, x: 44.2078, y: 18.1907
index: 6, x: 91.2397, y: 70.2184
index: 7, x: 12.9032, y: 91.7038
index: 8, x: 98.2601, y: 65.2735
index: 9, x: 91.5355, y: 16.2365
index: 10, x: 50.5977, y: 25.0667
index: 11, x: 98.6009, y: 56.0901
index: 12, x: 19.3157, y: 76.2848
index: 13, x: 30.6158, y: 74.7943
index: 14, x: 94.225, y: 86.7763
index: 15, x: 49.177, y: 10.2532
index: 16, x: 1.16953, y: 25.505
index: 17, x: 99.175, y: 10.4277
index: 18, x: 29.2476, y: 94.4066
index: 19, x: 88.1802, y: 16.0888
------- Print the edge here -------
index pair: 0, 5
index pair: 0, 6
index pair: 0, 8
index pair: 0, 11
index pair: 0, 12
index pair: 1, 5
index pair: 1, 8
index pair: 1, 11
index pair: 1, 18
index pair: 2, 7
index pair: 2, 11
index pair: 3, 11
index pair: 3, 17
index pair: 3, 18
index pair: 3, 19
index pair: 4, 12
index pair: 4, 14
index pair: 5, 7
index pair: 5, 11
index pair: 5, 18
index pair: 6, 9
index pair: 6, 14
index pair: 6, 16
index pair: 6, 19
index pair: 8, 16
index pair: 9, 10
index pair: 9, 19
index pair: 10, 19
index pair: 11, 14
index pair: 11, 15
index pair: 11, 17
index pair: 12, 13
index pair: 12, 19
index pair: 13, 16
index pair: 13, 18
index pair: 14, 15
index pair: 14, 16
index pair: 14, 18
index pair: 15, 17
index pair: 17, 19
------- Eular Circuit -------
2
7
5
0
5
1
8
0
6
9
10
19
3
11
0
12
4
14
6
14
11
1
8
16
6
19
9
19
12
13
16
14
15
11
1
18
3
17
11
5
18
13
18
14
15
17
19
17
11
2
