------- Create Graph with Eular Circuit -------
j: 11
j: 13
j: 9
j: 12
j: 11
j: 14
j: 13
j: 11
j: 11
j: 12
j: 16
 | 0 | 1 | 0 | 0 | 0 | 0 | 0 | 0 | 0 | 0 | 0 | 1 | 0 | 0 | 0 | 0 | 0 | 
 | 1 | 0 | 0 | 0 | 0 | 1 | 0 | 1 | 0 | 0 | 0 | 0 | 1 | 1 | 0 | 0 | 0 | 
 | 0 | 0 | 0 | 0 | 0 | 0 | 1 | 0 | 0 | 1 | 0 | 0 | 0 | 0 | 0 | 0 | 0 | 
 | 0 | 0 | 0 | 0 | 0 | 0 | 0 | 0 | 0 | 0 | 1 | 0 | 1 | 0 | 0 | 0 | 0 | 
 | 0 | 0 | 0 | 0 | 0 | 0 | 0 | 0 | 0 | 0 | 0 | 1 | 0 | 0 | 0 | 0 | 0 | 
 | 0 | 1 | 0 | 0 | 0 | 0 | 0 | 0 | 0 | 0 | 0 | 0 | 0 | 0 | 1 | 0 | 1 | 
 | 0 | 0 | 1 | 0 | 0 | 0 | 0 | 1 | 0 | 0 | 0 | 0 | 0 | 1 | 0 | 0 | 0 | 
 | 0 | 1 | 0 | 0 | 0 | 0 | 1 | 0 | 0 | 0 | 0 | 1 | 0 | 0 | 0 | 0 | 0 | 
 | 0 | 0 | 0 | 0 | 0 | 0 | 0 | 0 | 0 | 0 | 0 | 1 | 0 | 0 | 0 | 0 | 0 | 
 | 0 | 0 | 1 | 0 | 0 | 0 | 0 | 0 | 0 | 0 | 0 | 0 | 0 | 0 | 0 | 0 | 0 | 
 | 0 | 0 | 0 | 1 | 0 | 0 | 0 | 0 | 0 | 0 | 0 | 0 | 1 | 0 | 0 | 0 | 1 | 
 | 1 | 0 | 0 | 0 | 1 | 0 | 0 | 1 | 1 | 0 | 0 | 0 | 0 | 0 | 0 | 0 | 0 | 
 | 0 | 1 | 0 | 1 | 0 | 0 | 0 | 0 | 0 | 0 | 1 | 0 | 0 | 0 | 0 | 1 | 0 | 
 | 0 | 1 | 0 | 0 | 0 | 0 | 1 | 0 | 0 | 0 | 0 | 0 | 0 | 0 | 0 | 0 | 0 | 
 | 0 | 0 | 0 | 0 | 0 | 1 | 0 | 0 | 0 | 0 | 0 | 0 | 0 | 0 | 0 | 0 | 0 | 
 | 0 | 0 | 0 | 0 | 0 | 0 | 0 | 0 | 0 | 0 | 0 | 0 | 1 | 0 | 0 | 0 | 1 | 
 | 0 | 0 | 0 | 0 | 0 | 1 | 0 | 0 | 0 | 0 | 1 | 0 | 0 | 0 | 0 | 1 | 0 | 
------- Test Graph with Eular Circuit -------
------- Print the vertex here -------
index: 0, x: 59.926, y: 38.8111
index: 1, x: 88.5792, y: 92.3668
index: 2, x: 45.6163, y: 32.2057
index: 3, x: 2.25539, y: 60.1808
index: 4, x: 68.3585, y: 84.3405
index: 5, x: 0.916123, y: 29.5538
index: 6, x: 82.0051, y: 77.2032
index: 7, x: 21.1879, y: 93.0455
index: 8, x: 53.8404, y: 92.2558
index: 9, x: 99.302, y: 25.0592
index: 10, x: 0.00227895, y: 30.7927
index: 11, x: 22.9038, y: 74.0021
index: 12, x: 37.5154, y: 66.9471
index: 13, x: 13.8689, y: 1.16631
index: 14, x: 89.9224, y: 23.4107
index: 15, x: 2.14026, y: 49.8485
index: 16, x: 62.2218, y: 90.7194
------- Print the edge here -------
index pair: 0, 1
index pair: 0, 11
index pair: 1, 5
index pair: 1, 7
index pair: 1, 12
index pair: 1, 13
index pair: 2, 6
index pair: 2, 9
index pair: 3, 10
index pair: 3, 12
index pair: 4, 11
index pair: 5, 14
index pair: 5, 16
index pair: 6, 7
index pair: 6, 13
index pair: 7, 11
index pair: 8, 11
index pair: 10, 12
index pair: 10, 16
index pair: 12, 15
index pair: 15, 16
------- Eular Circuit -------
13
1
0
11
4
11
8
11
7
1
5
14
5
16
10
3
12
10
16
15
12
1
7
6
2
9
2
6
13
